777777777777777777777777777777777777777777777777777
777777777777777777777777777777777777777777777777777
777777777777777777777777777777777777777777777777777
777777777777777777777777777777777777777777777777777
777777777777777777777777777777777777777777777777777
777777777777777777777777777777777777777777777777777
777777777777777777777777777777777777777777777777777
777777777777777777777777777777777777777777777777777
777777777777777777777777777777777777777777777777777
777777777777777777777777777777777777777777777777777
777888777777777770877777777777777777087777777777877
777878788787087707788780007800788877777887807007877
777878780707087707787887887887807877708788787787777
777808788787807770880787787787870877087087087787777
777777777777777777777777777777780777777777777777777
777777777777777777777777777777777777777777777777777
777777777777777777777777777777777777777777777777777
777777777777777777777777777777777777777777777777777
777777777777777777777777777777777777777777777777777
777777777777777777777777777777777777777777777777777
777777777777777777777777777777777777777777777777777
777777777777777777777777777777777777777777777777777
777777777777777777777777777777777777777777777777777
777777777777777777777777777777777777777777777777777
777777777777777887777777777777780077777777777777777
777777777777777078808088887777880087777777777777777
777777777777777887887888777777788877777777777777777
777777777777777777777708888087878777777777777777777
777777777777777777777888878887877777777777777777777
777777777777777777777777777777777777777777777777777
777777777777777777777777777777777777777777777777777
777777777777777777777777777777777777777777777777777
777777777777777777777777777777777777777777777777777
777777777777777777777777777777777777777777777777777
777777777777777777777777777777777777777777777777777
777777777777777777777777777777777777777777777777777
777777777777777777777777777777777777777777777777777
777777777777777777777777777777777777777777777777777
